250000 54.531 0.020 0.040
500000 94.045 0.026 0.053
750000 62.033 0.027 0.051
1000000 29.682 0.024 0.062
1250000 357.660 0.030 0.082
1500000 479.100 0.034 0.042
1750000 611.762 0.038 0.074
2000000 810.222 0.030 0.044
2250000 880.850 0.030 0.078
2500000 895.456 0.030 0.078
2750000 11.848 0.030 0.080
3000000 1467.469 0.060 0.079
3250000 160.129 0.050 0.060
3500000 687.940 0.041 0.060
3750000 794.411 0.050 0.050
4000000 758.779 0.072 0.060
4250000 762.761 0.050 0.100
4500000 1540.229 0.060 0.100
4750000 575.480 0.050 0.050
5000000 2021.551 0.050 0.081